25 50
15000 125000
15000 125000
15000 125000
15000 125000
15000 125000
15000 125000
15000 125000
15000 125000
15000 125000
15000 125000
15000 0
15000 125000
15000 125000
15000 125000
15000 125000
15000 125000
15000 125000
15000 125000
15000 125000
15000 125000
15000 125000
15000 125000
15000 125000
15000 125000
15000 125000
146 87 672 1337 31 559 2370 1089 33 32 5495 904 1466 143 615 564 226 3016 253 195 38 807 551 304 814 337 4368 577 482 495 231 322 685 12912 325 366 3671 2213 705 328 1681 1117 275 500 2241 733 222 49 1464 222 
6739.73 3204.86 4914 32372.1 1715.46 6421.51 81972.4 33391.5 2020.84 1459.6 141015 17684.5 38207.6 1953.74 17181.6 25640.8 7031.43 78453.7 9452.71 8597.06 1581.28 23171 12087.6 4883 24063.9 4124.04 281463 11056.8 8585.62 12480.2 3727.76 4673.02 13451.7 372673 9745.94 12055.1 97602.7 60774.5 54470.1 7146.3 38011.6 39723.3 16111.6 16981.2 168663 57109.9 15576.1 2542.49 34056.3 7095.68 
10355 5457.07 26409.6 29982.2 2152.18 23701.6 28499.2 26544.4 2480.78 1995.2 205925 32069.4 42477.3 5044.32 36054.4 35602.5 10492 92515.8 12441.3 14113.1 2030.15 48702.4 19877.3 12851.6 39682.5 12148.9 406770 22113.5 22449.2 25455.4 11116.9 13346.9 35106.2 229188 18070 18181 73603.6 63568.4 65177.2 8618.2 70728.1 52917.9 20714.4 32575 210766 66703 18481.5 3928.57 34221 11999.1 
7650.4 3845.4 19622.4 21024.3 1577.9 16197 43134 6370.65 1869.45 1402.4 104130 15322.8 15319.7 4089.8 25399.5 25154.4 6305.4 36644.4 7754.45 10500.8 1326.2 36072.9 9670.05 10822.4 24603.2 8180.68 325853 11424.6 14122.6 22151.2 8229.38 7880.95 25927.2 203364 12049.4 11400.9 59562 27330.5 52117.1 6428.8 39587.6 32225.5 15620 23312.5 169252 53124.2 14369 3020.85 24448.8 7886.55 
5219.5 2396.85 13876.8 29681.4 1061.75 10383.4 65767.5 16770.6 1324.95 869.6 12638.5 8429.8 15832.8 3428.43 16297.5 15763.8 2542.5 27445.6 3542 7254 693.5 26167 3801.9 8930 11050 5611.05 253235 5582.48 7458.95 19069.9 5826.98 4330.9 17347.6 322800 7198.75 5307 83331.7 30982 40378.9 7822.8 15801.4 13627.4 11041.2 16250 131939 40919.7 10672.6 2205 31329.6 4190.25 
5776.12 2628.49 9147.6 21275 1250.46 7483.61 58805.6 13571.7 1525.84 1050.8 46089.3 1231.7 11526.4 2289.79 15828.6 18421.7 3918.28 23562.5 5082.14 7875.56 924.825 23493.8 2252.21 6798.2 13644.7 2952.96 264755 2430.61 6609.43 15598.7 4628.66 2861.78 15249.8 261307 7592.81 7379.48 65940.3 20497.9 44494.3 5211.1 16494.8 20427.1 12598.4 16268.8 144629 45381.9 12024.1 2361.19 21905.1 4847.93 
6641.18 3220.09 14977.2 20071.7 1363.61 12332.9 48555.4 8861.74 1646.29 1181.2 66146.1 9073.9 5185.98 3530.31 21148.3 21255.8 4743.18 23034.7 6005.59 9152.81 1063.53 30494.5 5847.49 9435.4 18976.4 5851.16 294458 7436.09 10790.8 19892.8 6632.59 5655.12 21192.2 229995 9802.81 8870.92 56946.4 15076.1 47243.8 5621.1 27925.6 24504.2 13719.1 19856.2 153761 48057.3 12834.4 2682.14 20807.1 6351.98 
4374.52 1838.96 21848.4 64293 1524.04 15840.7 138615 51550.5 1817.06 1133.2 198301 32781.3 62653.2 5553.76 7310.81 18478 6856.27 126333 10275 5467.31 1628.78 14919.4 19650 11943.4 20197.4 11613.9 211357 19279 11525.8 23976.6 6476.66 9623.77 16808.2 681269 5780.94 10865.6 185248 97731.6 47631.6 15256.1 49862.7 41119.6 12502.2 9331.25 134768 52583.6 14205.2 1756.04 69009.3 4903.43 
3847.1 2266.35 35330.4 80186.6 955.575 27251.2 155294 57907.6 1211.92 546.4 220212 41335.4 71210.9 8308.3 21709.5 8135.7 7119 141375 10214.9 6371.62 1619.75 33813.3 23844.5 18148.8 24684.5 17111.2 210756 25460.1 20448.8 34080.8 11885 14610.8 32845.8 810551 10692.5 10202.2 222004 114578 34351.1 19762 62659.3 40854.3 7885.62 20750 109305 39050.6 10134.3 1983.28 86632.2 6421.35 
6429.48 3117.86 15111.6 25921.1 1318.66 12444.7 53176.9 10985.3 1593.49 1134.8 58178.3 9254.7 11563.1 3558.91 20779.3 20438 4415.48 11423.1 5638.74 8870.06 1008.42 30655.9 6260.74 9496.2 17796.1 5918.56 289435 7551.49 10887.2 19991.8 6678.79 5719.52 21329.2 258079 9607.81 8340.23 73007 24757.9 46820.8 7047.9 26917 22884.5 13320.3 19556.2 150511 46994.5 12512.5 2611.09 27212.1 6030.07 
5396.52 2582.81 23679.6 69206.5 1789.09 17769.2 147325 57376.7 2099.21 1406.8 241574 37595.1 70496.3 5947.01 12569.1 23300.2 8788.58 144881 12438.1 6729.94 1953.67 11166.9 22873.4 11616.6 27157.1 12852.3 239639 22351.5 14092.5 23444.4 6101.29 11338.4 15695.1 728398 8559.69 13994.9 198739 109516 53659.3 16305.7 61965.9 50669.9 14853.4 9543.75 149279 58814.1 16103.3 2073.31 74352.9 6801.52 
5219.5 2296.8 9828 23096.7 1133.05 7029.43 56998.5 12741.3 1395.9 928.8 25277 2463.4 10372 2434.57 14621.6 16271.4 3062.3 22846.2 4123.9 7312.5 780.9 22333.7 0 7106 10541.3 3268.9 248102 1601.17 5916.55 16099.9 4440.98 2398.9 14693.2 261791 6353.75 5984.1 65986.2 20525.6 42775.9 5658 10086 16196.5 11550 14550 136085 42605.6 11183.2 2174.38 23899.8 4001.55 
4182.9 1779.15 19303.2 48700.2 1015.25 13919.1 102384 33595.7 1275.45 768.8 97536.2 19775 38482.5 4897.75 11931 12619.5 2712 74042.8 5635.57 5869.5 931.95 20982 10703.2 10898.4 5270.65 9073.73 222222 11698.7 8953.15 22275 6843.38 6931.05 19385.5 512606 4891.25 4154.1 137295 63513.1 39250.9 11939.2 22567.4 20636.6 10071.9 13087.5 124880 40553.2 10561.6 1857.1 51935.4 2614.05 
7391.25 5115.6 57472.8 135171 2005.7 45474.7 259515 105796 1940.4 1950.4 461992 79235.6 135275 13134.5 39913.5 35094.9 17458.5 274079 21789.6 9506.25 3066.6 56026 46945.2 28226.4 59259.2 29479.1 124051 49650.8 37089.9 50490 18722.5 26701.8 53121.8 1.36157e+06 21336.3 26946.8 378755 209073 40960.5 32644.2 133135 91957 13193.1 32087.5 89976.1 45922.4 14940.6 2006.55 147937 14979.5 
5038.82 2189.14 11180.4 40527.8 1379.89 6966.54 96429.4 32220.8 1663.61 1145.2 106122 16712.7 36631.7 3283.64 11169.9 19253.5 5031.32 75211.5 8073.86 6695.81 1298.17 17380.8 10145.3 7117.4 14845.3 5623.69 238875 9022.84 2958.28 16118.4 3693.11 3900.22 10951.4 451436 5951.56 8459.17 119996 58395.5 48318.9 9417.7 23134.8 31401.7 13052.2 12481.2 142500 49175.1 13172.9 2064.74 42986.7 4503.82 
10349.6 5399.44 22957.2 60516 2512.94 20326.6 131920 60072 2869.76 2314.8 288419 41956.9 77569.7 4634.99 32479.7 39867.8 13093.9 159433 16239.4 13554.9 2600.62 40178.5 26881.9 7725.4 44597 13172.5 392519 26549.2 20575.4 8049.94 8596.09 13310.7 27888.1 644793 17830.3 21470.5 174969 114440 73399.3 13583.3 81255.3 69686.8 23103.4 27518.8 224408 75966.3 21287 3788.31 64873.5 12617.9 
6051.7 2838.38 15489.6 52911.8 1823.58 10956.4 118382 46527.5 2135.93 1500.8 185456 28589 55891.2 4204.2 14375.6 24957 8294.2 114834 11726.5 7707.38 1846.8 15978.6 17728.4 7911.6 26495.7 8745.15 261534 16963.8 9917.15 17411.6 3285.97 7961.45 7346.62 575875 9514.38 13697.5 155375 87468.8 55712.6 12308.2 47404.2 47528.3 15654.4 12525 160512 61003.9 16755.5 2318.93 56510.4 7448.1 
9568.48 4940.51 21294 19804.3 2008.41 19446.2 37594.1 21820.8 2327.74 1846.8 180442 26227.3 35788.7 3955.74 31372.7 32986.9 9443.98 79433.9 11268 13238.1 1853.92 42539 16757.3 10537.4 35297.1 9583.44 380835 18384.7 18779.9 21687.2 9358.39 10895.7 30148.6 130895 16229.7 16483.7 45566.3 46722 61907.8 6121.3 61209.4 47737.8 19439.1 28893.8 200373 63303.7 17452 3664.59 23076.3 10753.1 
9064.77 4642.54 18992.4 15191.7 1901.46 17517.7 40319.6 21085.8 2218.84 1736.4 161484 23131.1 30731 3465.96 29250.9 31041.2 8664.27 75663.9 10401.5 12428.8 1722.83 39775 14856.3 9496.2 32488.8 8420.79 365875 16408.4 17129.1 19991.8 8567.21 9784.77 27802.4 145421 15116.6 15221 32993.1 39142.4 59475.6 4997.9 55410 43884.1 18490.3 27181.2 192642 60774.9 16686.1 3495.54 18025.5 9987.23 
7159.48 3507.19 16657.2 17163.7 1497.69 13730.4 50569.9 12128.7 1789.01 1318.8 89774.6 11333.9 11599.7 3423.06 22701.2 23681 5714.98 36305.1 7099.81 9845.06 1227.88 32512 7665.79 9405 21866.1 6693.66 308872 8878.59 11995.8 19843.3 7210.09 6460.12 22904.7 201589 10875.3 10444.7 48962 10262.8 50292.9 4907.7 33472.9 29335.2 14901.6 21506.2 163397 51227.5 13794.5 2856.09 17622.9 7090.12 
4781.5 2035.8 12297.6 34762 1108.25 8371.02 78328.5 22542.3 1374.45 832.8 55499.5 10350.8 23566 3406.97 12776.6 14579.4 2599 45918.6 5350.95 6547.13 889.2 21002.2 4959 7881.2 8099.3 5560.5 234998 5683.45 5121.25 17362.1 4435.2 3574.2 14025.4 377999 5378.75 4886.1 99025.2 40442.6 40660.9 8519.8 5043 19380 10725 13050 129362 42752.2 11227.6 2072.7 36673.2 3335.55 
6033.45 2890.58 23856 49569.3 908.3 18684.6 100962 32942.2 1156.65 916 94239.2 21854.2 37602.9 5551.98 19787.6 16581.6 3101.85 72233.2 2795.65 8360.62 505.4 31291.4 11984.2 13444.4 15669.5 10615.5 267212 14150.9 14086.5 26420.6 8731.8 9112.6 26766.4 514543 9051.25 5837.7 137846 63900.4 36889.1 12693.6 36309.6 8098.25 11440 19475 135188 37291.4 9573.75 2483.07 53106.6 5450.1 
6661.25 3943.28 48568.8 105289 1169.47 38375.3 199791 78353.6 1050.22 1087.2 323381 59166.8 98735.1 11125.4 33563.6 19881 11362.1 198000 14965 10130.2 2041.55 49368.2 34713 24198.4 41636.1 23935.4 177232 36827 30040.7 43931.2 16331.7 21992.6 46032 1.05297e+06 16956.9 17073.9 290927 156127 30385.5 26231.8 95817 61825.9 5775 30675 93057.5 34927.4 9046.5 2603.12 114119 10694.9 
8845.77 5984.51 66066 142842 2040.19 52622.9 266358 108941 1977.11 1986 477722 84557.9 139911 14963.2 48346.7 36497.8 17709.9 282712 22071.1 12180.2 3108.88 67092 50189.2 31946.6 64804.6 33148.2 183947 53033.5 42325.6 56547.6 21757.3 30199.6 62514.8 1.41564e+06 24582.2 27353.9 394036 218285 34060.3 35444.5 143032 93199.7 13994.1 38943.8 68042.4 38748.2 12767.8 2678.46 155276 17196.7 
11656.3 6919.76 66973.2 137026 1600.76 53852.7 256049 104204 1509.34 2088.4 453818 81009.7 133534 15041.8 54681.2 38302.7 17551.7 269593 18497.5 16314.2 2532.22 77038.2 48040.3 32615.4 63420.8 32667.9 276549 52629.6 43386 57636.6 23235.7 29781 69570.3 1.35947e+06 28075.9 27097.7 378067 208714 23696.8 34157.1 141855 81191.9 15320.9 47856.2 115552 21302.8 8172.38 3717.26 148907 18323.3 
8663.27 4385.89 16203.6 12183.4 1836.36 15197.8 46244.6 20704.6 2144.59 1668.4 149807 19673.3 27615.8 2868.94 26698.7 29842.7 8184.02 69254.9 9863.84 11614.7 1643.03 36405.8 13492.6 8227 30250.3 7022.24 352989 14201.4 15128.8 17925.2 7608.56 8448.48 24685.7 178024 14222.8 14443.3 42170.6 34439.8 59070.2 3636.7 50787.2 41538.4 17905.9 25093.8 187936 59235.6 16219.9 3300.76 11949.9 9376.73 
